100
0.000000
0.000000
0.037037
0.000000
0.000000
0.018519
0.000000
0.030864
0.000000
0.000000
0.030864
0.000000
0.018519
0.000000
0.000000
0.037037
0.000000
0.000000
0.000000
0.000000
0.037037
0.000000
0.000000
0.018519
0.000000
0.030864
0.000000
0.000000
0.030864
0.000000
0.018519
0.000000
0.000000
0.037037
0.000000
0.000000
0.000000
0.000000
0.037037
0.000000
0.000000
0.018519
0.000000
0.030864
0.000000
0.000000
0.030864
0.000000
0.018519
0.000000
0.000000
0.037037
0.000000
0.000000
0.000000
0.000000
0.037037
0.000000
0.000000
0.018519
0.000000
0.030864
0.000000
0.000000
0.030864
0.000000
0.018519
0.000000
0.000000
0.037037
0.000000
0.000000
0.000000
0.000000
0.037037
0.000000
0.000000
0.018519
0.000000
0.030864
0.000000
0.000000
0.030864
0.000000
0.018519
0.000000
0.000000
0.037037
0.000000
0.000000
0.000000
0.000000
0.037037
0.000000
0.000000
0.018519
0.000000
0.030864
0.000000
0.000000
