100
0.000000
0.069444
0.000000
0.083333
0.000000
0.041667
0.041667
0.000000
0.083333
0.000000
0.069444
0.000000
0.000000
0.069444
0.000000
0.083333
0.000000
0.041667
0.041667
0.000000
0.083333
0.000000
0.069444
0.000000
0.000000
0.069444
0.000000
0.083333
0.000000
0.041667
0.041667
0.000000
0.083333
0.000000
0.069444
0.000000
0.000000
0.069444
0.000000
0.083333
0.000000
0.041667
0.041667
0.000000
0.083333
0.000000
0.069444
0.000000
0.000000
0.069444
0.000000
0.083333
0.000000
0.041667
0.041667
0.000000
0.083333
0.000000
0.069444
0.000000
0.000000
0.069444
0.000000
0.083333
0.000000
0.041667
0.041667
0.000000
0.083333
0.000000
0.069444
0.000000
0.000000
0.069444
0.000000
0.083333
0.000000
0.041667
0.041667
0.000000
0.083333
0.000000
0.069444
0.000000
0.000000
0.069444
0.000000
0.083333
0.000000
0.041667
0.041667
0.000000
0.083333
0.000000
0.069444
0.000000
0.000000
0.069444
0.000000
0.083333
