100
0.000000
0.000000
0.039063
0.000000
0.046875
0.000000
0.023438
0.000000
0.000000
0.023438
0.000000
0.046875
0.000000
0.039063
0.000000
0.000000
0.000000
0.000000
0.039063
0.000000
0.046875
0.000000
0.023438
0.000000
0.000000
0.023438
0.000000
0.046875
0.000000
0.039063
0.000000
0.000000
0.000000
0.000000
0.039063
0.000000
0.046875
0.000000
0.023438
0.000000
0.000000
0.023438
0.000000
0.046875
0.000000
0.039063
0.000000
0.000000
0.000000
0.000000
0.039063
0.000000
0.046875
0.000000
0.023438
0.000000
0.000000
0.023438
0.000000
0.046875
0.000000
0.039063
0.000000
0.000000
0.000000
0.000000
0.039063
0.000000
0.046875
0.000000
0.023438
0.000000
0.000000
0.023438
0.000000
0.046875
0.000000
0.039063
0.000000
0.000000
0.000000
0.000000
0.039063
0.000000
0.046875
0.000000
0.023438
0.000000
0.000000
0.023438
0.000000
0.046875
0.000000
0.039063
0.000000
0.000000
0.000000
0.000000
0.039063
0.000000
