100
0.000000
0.093750
0.156250
0.187500
0.187500
0.156250
0.093750
0.000000
0.000000
0.093750
0.156250
0.187500
0.187500
0.156250
0.093750
0.000000
0.000000
0.093750
0.156250
0.187500
0.187500
0.156250
0.093750
0.000000
0.000000
0.093750
0.156250
0.187500
0.187500
0.156250
0.093750
0.000000
0.000000
0.093750
0.156250
0.187500
0.187500
0.156250
0.093750
0.000000
0.000000
0.093750
0.156250
0.187500
0.187500
0.156250
0.093750
0.000000
0.000000
0.093750
0.156250
0.187500
0.187500
0.156250
0.093750
0.000000
0.000000
0.093750
0.156250
0.187500
0.187500
0.156250
0.093750
0.000000
0.000000
0.093750
0.156250
0.187500
0.187500
0.156250
0.093750
0.000000
0.000000
0.093750
0.156250
0.187500
0.187500
0.156250
0.093750
0.000000
0.000000
0.093750
0.156250
0.187500
0.187500
0.156250
0.093750
0.000000
0.000000
0.093750
0.156250
0.187500
0.187500
0.156250
0.093750
0.000000
0.000000
0.093750
0.156250
0.187500
