100
0.000000
0.000000
0.015000
0.000000
0.000000
0.025000
0.000000
0.000000
0.030000
0.000000
0.000000
0.030000
0.000000
0.000000
0.025000
0.000000
0.000000
0.015000
0.000000
0.000000
0.000000
0.000000
0.015000
0.000000
0.000000
0.025000
0.000000
0.000000
0.030000
0.000000
0.000000
0.030000
0.000000
0.000000
0.025000
0.000000
0.000000
0.015000
0.000000
0.000000
0.000000
0.000000
0.015000
0.000000
0.000000
0.025000
0.000000
0.000000
0.030000
0.000000
0.000000
0.030000
0.000000
0.000000
0.025000
0.000000
0.000000
0.015000
0.000000
0.000000
0.000000
0.000000
0.015000
0.000000
0.000000
0.025000
0.000000
0.000000
0.030000
0.000000
0.000000
0.030000
0.000000
0.000000
0.025000
0.000000
0.000000
0.015000
0.000000
0.000000
0.000000
0.000000
0.015000
0.000000
0.000000
0.025000
0.000000
0.000000
0.030000
0.000000
0.000000
0.030000
0.000000
0.000000
0.025000
0.000000
0.000000
0.015000
0.000000
0.000000
