100
0.000000
0.000000
0.041522
0.000000
0.020761
0.000000
0.000000
0.034602
0.000000
0.034602
0.000000
0.000000
0.020761
0.000000
0.041522
0.000000
0.000000
0.000000
0.000000
0.041522
0.000000
0.020761
0.000000
0.000000
0.034602
0.000000
0.034602
0.000000
0.000000
0.020761
0.000000
0.041522
0.000000
0.000000
0.000000
0.000000
0.041522
0.000000
0.020761
0.000000
0.000000
0.034602
0.000000
0.034602
0.000000
0.000000
0.020761
0.000000
0.041522
0.000000
0.000000
0.000000
0.000000
0.041522
0.000000
0.020761
0.000000
0.000000
0.034602
0.000000
0.034602
0.000000
0.000000
0.020761
0.000000
0.041522
0.000000
0.000000
0.000000
0.000000
0.041522
0.000000
0.020761
0.000000
0.000000
0.034602
0.000000
0.034602
0.000000
0.000000
0.020761
0.000000
0.041522
0.000000
0.000000
0.000000
0.000000
0.041522
0.000000
0.020761
0.000000
0.000000
0.034602
0.000000
0.034602
0.000000
0.000000
0.020761
0.000000
0.041522
