100
0.000000
0.099174
0.000000
0.049587
0.082645
0.000000
0.082645
0.049587
0.000000
0.099174
0.000000
0.000000
0.099174
0.000000
0.049587
0.082645
0.000000
0.082645
0.049587
0.000000
0.099174
0.000000
0.000000
0.099174
0.000000
0.049587
0.082645
0.000000
0.082645
0.049587
0.000000
0.099174
0.000000
0.000000
0.099174
0.000000
0.049587
0.082645
0.000000
0.082645
0.049587
0.000000
0.099174
0.000000
0.000000
0.099174
0.000000
0.049587
0.082645
0.000000
0.082645
0.049587
0.000000
0.099174
0.000000
0.000000
0.099174
0.000000
0.049587
0.082645
0.000000
0.082645
0.049587
0.000000
0.099174
0.000000
0.000000
0.099174
0.000000
0.049587
0.082645
0.000000
0.082645
0.049587
0.000000
0.099174
0.000000
0.000000
0.099174
0.000000
0.049587
0.082645
0.000000
0.082645
0.049587
0.000000
0.099174
0.000000
0.000000
0.099174
0.000000
0.049587
0.082645
0.000000
0.082645
0.049587
0.000000
0.099174
0.000000
0.000000
