100
0.000000
0.000000
0.026667
0.000000
0.044444
0.000000
0.053333
0.000000
0.053333
0.000000
0.044444
0.000000
0.026667
0.000000
0.000000
0.000000
0.000000
0.026667
0.000000
0.044444
0.000000
0.053333
0.000000
0.053333
0.000000
0.044444
0.000000
0.026667
0.000000
0.000000
0.000000
0.000000
0.026667
0.000000
0.044444
0.000000
0.053333
0.000000
0.053333
0.000000
0.044444
0.000000
0.026667
0.000000
0.000000
0.000000
0.000000
0.026667
0.000000
0.044444
0.000000
0.053333
0.000000
0.053333
0.000000
0.044444
0.000000
0.026667
0.000000
0.000000
0.000000
0.000000
0.026667
0.000000
0.044444
0.000000
0.053333
0.000000
0.053333
0.000000
0.044444
0.000000
0.026667
0.000000
0.000000
0.000000
0.000000
0.026667
0.000000
0.044444
0.000000
0.053333
0.000000
0.053333
0.000000
0.044444
0.000000
0.026667
0.000000
0.000000
0.000000
0.000000
0.026667
0.000000
0.044444
0.000000
0.053333
0.000000
0.053333
0.000000
