100
0.000000-
0.000000
0.027701
0.000000
0.000000
0.033241
0.000000
0.000000
0.016620
0.000000
0.016620
0.000000
0.000000
0.033241
0.000000
0.000000
0.027701
0.000000
0.000000-
0.000000
0.000000
0.027701
0.000000
0.000000
0.033241
0.000000
0.000000
0.016620
0.000000
0.016620
0.000000
0.000000
0.033241
0.000000
0.000000
0.027701
0.000000
0.000000
0.000000
0.000000
0.027701
0.000000
0.000000
0.033241
0.000000
0.000000
0.016620
0.000000
0.016620
0.000000
0.000000
0.033241
0.000000
0.000000
0.027701
0.000000
0.000000
0.000000
0.000000
0.027701
0.000000
0.000000
0.033241
0.000000
0.000000
0.016620
0.000000
0.016620
0.000000
0.000000
0.033241
0.000000
0.000000
0.027701
0.000000
0.000000
0.000000
0.000000
0.027701
0.000000
0.000000
0.033241
0.000000
0.000000
0.016620
0.000000
0.016620
0.000000
0.000000
0.033241
0.000000
0.000000
0.027701
0.000000
0.000000
0.000000
0.000000
0.027701
0.000000
0.000000
