100
0.000000
0.000000
0.000000
0.012397
0.000000
0.000000
0.020661
0.000000
0.000000
0.024793
0.000000
0.000000
0.024793
0.000000
0.000000
0.020661
0.000000
0.000000
0.012397
0.000000
0.000000
0.000000
0.000000
0.000000
0.000000
0.012397
0.000000
0.000000
0.020661
0.000000
0.000000
0.024793
0.000000
0.000000
0.024793
0.000000
0.000000
0.020661
0.000000
0.000000
0.012397
0.000000
0.000000
0.000000
0.000000
0.000000
0.000000
0.012397
0.000000
0.000000
0.020661
0.000000
0.000000
0.024793
0.000000
0.000000
0.024793
0.000000
0.000000
0.020661
0.000000
0.000000
0.012397
0.000000
0.000000
0.000000
0.000000
0.000000
0.000000
0.012397
0.000000
0.000000
0.020661
0.000000
0.000000
0.024793
0.000000
0.000000
0.024793
0.000000
0.000000
0.020661
0.000000
0.000000
0.012397
0.000000
0.000000
0.000000
0.000000
0.000000
0.000000
0.012397
0.000000
0.000000
0.020661
0.000000
0.000000
0.024793
0.000000
0.000000
